"(5, 3)",0.28,0.1,1.2,1.6
"(2, 1)",0.1,1.5,0.1,0
"(4, 5)",0.32,0.1,0.1,0
"(1, 1)",0.1,0.1,0.56,0
"(1, 4)",0.1,0.1,0.4,0.6
"(5, 5)",0.1,0.1,0.1,0.27
"(5, 1)",1.3,0.18,0.1,0
"(1, 2)",0.1,1,0.1,0.54
"(2, 2)",0.98,0.78,0.1,0
"(3, 2)",0.34,0.1,0.85,0
"(4, 2)",0.18,0.35,0.1,0.65
"(5, 2)",0.34,0.18,0.45,0.18,0.1,
"(1, 3)",0.1,0.56,1,0
"(2, 3)",1.7,0.65,0.1,0
"(2, 4)",0.18,1.3,9,0
"(3, 4)",1.6,1.3,0.45,0
"(4, 4)",0.45,0.1,0.1,0
"(5, 4)",0.1,0.1,0.745,0.76
"(1, 5)",0.1,0.45,0.18,0.86
"(2, 5)",0.45,0.1,0.1,0.7
"(3, 5)",0.1,0.6,0.18,0.26
"(3, 3)",0.5,1.3,0.1,0.6
"(4, 3)",0.45,0.76,0.1,0
"(3, 1)",0.45,0.76,0.1,0
"(4, 1)",0.56,1.3,0.65,0